V1 V2 V3 V4 V5 V6 V7 V8 V9 V10 V11 V12 V13
1 1.13519797425189e-05 3.09214901768166e-05 6.12702662957572e-05 8.24713645137302e-05 7.46360700503253e-05 6.74596834007619e-05 9.67029695906341e-05 0.000119455149306271 0.000134257779153146 0.000162178863135742 0.000193080550606207 0.000221754372508232 0.000250158492331722
2 3.09214901768167e-05 0.140934960150675 0.218735409968601 0.244029612782174 0.242138218529952 0.236905531625216 0.235926965208743 0.236440434299859 0.236619636729674 0.236659045431813 0.236701575667022 0.236742132221963 0.23678192258293
3 6.12702662957572e-05 0.218735409968601 0.375338113776158 0.426519632732528 0.422892508336754 0.412398569766366 0.410410647559741 0.41143400649568 0.411793969091163 0.411871746165028 0.411955444649938 0.412035397915756 0.412113847436503
4 8.24713645137302e-05 0.244029612782174 0.426519632732528 0.511662347087509 0.509305848998718 0.493585790168091 0.49016837871988 0.49161458566159 0.492175687688848 0.492280604758241 0.492383211302441 0.49248114207914 0.492577098833286
5 7.46360700503253e-05 0.242138218529952 0.422892508336754 0.509305848998718 0.525572139552498 0.507795195815944 0.501384970352271 0.502624027301072 0.503460330841135 0.503606128415216 0.503679963599794 0.503744264656335 0.503806644499557
6 6.74596834007619e-05 0.236905531625216 0.412398569766366 0.493585790168091 0.507795195815944 0.50474301882246 0.494680024725682 0.493760327542701 0.494835516415567 0.495267000671305 0.495454697463059 0.49560377142008 0.495750372991734
7 9.67029695906341e-05 0.235926965208743 0.410410647559741 0.49016837871988 0.501384970352271 0.494680024725682 0.496235240767707 0.491384721612944 0.491155925733552 0.491999201291121 0.492645763589932 0.493218177958095 0.493786524243654
8 0.000119455149306271 0.236440434299859 0.41143400649568 0.49161458566159 0.502624027301072 0.493760327542701 0.491384721612944 0.497027922461766 0.492891207898545 0.492042437419326 0.492407284876663 0.492935217484206 0.493466211070568
9 0.000134257779153146 0.236619636729674 0.411793969091163 0.492175687688848 0.503460330841135 0.494835516415567 0.491155925733552 0.492891207898545 0.499275031795995 0.494508635958129 0.49144073581405 0.489075819027367 0.486734656368765
10 0.000162178863135742 0.236659045431813 0.411871746165028 0.492280604758241 0.503606128415216 0.495267000671305 0.491999201291121 0.492042437419326 0.494508635958129 0.504484099193308 0.502440274251994 0.49905505875741 0.495629892668715
11 0.000193080550606207 0.236701575667022 0.411955444649938 0.492383211302441 0.503679963599794 0.495454697463059 0.492645763589932 0.492407284876663 0.49144073581405 0.502440274251994 0.533577664315432 0.555404579931162 0.576905675799735
12 0.000221754372508232 0.236742132221963 0.412035397915756 0.49248114207914 0.503744264656335 0.49560377142008 0.493218177958095 0.492935217484206 0.489075819027367 0.49905505875741 0.555404579931162 0.655806078279216 0.755460087851877
13 0.000250158492331722 0.23678192258293 0.412113847436503 0.492577098833286 0.503806644499557 0.495750372991734 0.493786524243654 0.493466211070568 0.486734656368765 0.495629892668715 0.576905675799735 0.755460087851877 0.99703822137246
