V1 V2 V3 V4 V5 V6 V7 V8 V9 V10 V11 V12 V13 V14 V15 V16 V17 V18 V19 V20 V21
1 0.00783270195361269 -0.00210055491400112 -0.00399693831387883 -0.00321884031682792 -0.000242363833119742 0.00101076363044125 0.000993311280777265 0.000808071527699681 0.000696318512341161 0.000605680115912746 0.000515879186289975 0.00264294290760906 0.00514872728465602 0.0053009299323802 0.00252044904205571 0.00122711734614341 0.00119939961426268 0.00140637808731591 0.00157117404361252 0.00171849701279532 0.00186476792550749
2 -0.00210055491400112 0.0361431470293066 0.0515503594131853 0.0534154102823919 0.0513187482593291 0.050106857890351 0.0500096703377145 0.0501506572048362 0.0502560471061207 0.0503460835008146 0.0504354544325836 8.71599119427252e-07 1.70400762301634e-06 2.2570118618115e-06 1.96642570444675e-06 2.6680298602492e-07 -2.54201490606961e-06 -5.69826995064234e-06 -8.93748407882611e-06 -1.20622860880131e-05 -1.51755629768685e-05
3 -0.00399693831387883 0.0515503594131853 0.0832082247496238 0.0873663463915001 0.0832393916857955 0.0807727087110491 0.0805542449213411 0.0808340592639935 0.0810477502082121 0.0812311139933349 0.0814131509849757 1.71460111130423e-06 3.35190352940252e-06 4.43765248814356e-06 3.85853598838115e-06 4.97614355404932e-07 -5.0676695475598e-06 -1.13475802812815e-05 -1.78121585063135e-05 -2.40563061818425e-05 -3.02780573203423e-05
4 -0.00321884031682792 0.0534154102823919 0.0873663463915001 0.0986443835895321 0.0937545051270199 0.0897732104258332 0.0891602925513979 0.0895216287870863 0.0898560702022379 0.0901532196405386 0.0904485769267062 2.16989985952479e-06 4.24034901377543e-06 5.60085361617909e-06 4.82104611050183e-06 4.49840121977843e-07 -6.88991328240006e-06 -1.5388455992597e-05 -2.43185002766097e-05 -3.30286876857775e-05 -4.17147735020462e-05
5 -0.000242363833119742 0.0513187482593291 0.0832393916857955 0.0937545051270199 0.0944250662063912 0.0895431532346719 0.0878124635717381 0.0879153069697355 0.0882857357061888 0.088654392602902 0.0890221673786201 1.33556230620696e-06 2.6114412920861e-06 3.47559442023409e-06 3.0964760748697e-06 5.86447021882767e-07 -3.71754227601434e-06 -8.81773542539048e-06 -1.44099396432669e-05 -2.00463062348203e-05 -2.56854537699626e-05
6 0.00101076363044125 0.050106857890351 0.0807727087110491 0.0897732104258332 0.0895431532346719 0.0896353838126786 0.0868033475939462 0.0858073399031064 0.0856857798598085 0.0856929251111536 0.0857039320820119 -1.53961970384009e-06 -2.98655682066333e-06 -3.68121406021527e-06 -2.11032258820409e-06 3.30207082541293e-06 1.32240613906553e-05 2.68125714516005e-05 4.21389365853153e-05 5.71618734287367e-05 7.21313205891424e-05
7 0.000993311280777265 0.0500096703377145 0.0805542449213411 0.0891602925513979 0.0878124635717381 0.0868033475939461 0.0887135242600913 0.086788016355441 0.0852642863766015 0.0839493478813789 0.0826436432718906 -5.84905465699875e-06 -1.13604749075225e-05 -1.41570469739787e-05 -8.67799304780909e-06 1.15709013211754e-05 5.06663506528505e-05 0.000107839470504063 0.000176396331993573 0.00024614375293805 0.000315890396728389
8 0.000808071527699681 0.0501506572048362 0.0808340592639935 0.0895216287870863 0.0879153069697355 0.0858073399031064 0.086788016355441 0.0906655741040518 0.0896965159819453 0.088192463107457 0.0866756118729619 -1.05680076113199e-05 -2.05140955183852e-05 -2.53181810070727e-05 -1.4237515021463e-05 2.67673043129008e-05 0.000110850541619291 0.000243341076827527 0.000410509494430833 0.00058488854431549 0.000759663356380317
9 0.000696318512341161 0.0502560471061206 0.0810477502082121 0.0898560702022379 0.0882857357061888 0.0856857798598084 0.0852642863766015 0.0896965159819453 0.10033625456229 0.108095735605994 0.115750978559965 -1.44361808924709e-05 -2.80004866718284e-05 -3.41990847482716e-05 -1.74733684420774e-05 4.41969762691839e-05 0.000176344681987593 0.000395219423757332 0.00068026861852768 0.000982219275445049 0.00128530138723105
10 0.000605680115912746 0.0503460835008146 0.0812311139933349 0.0901532196405386 0.088654392602902 0.0856929251111536 0.0839493478813789 0.088192463107457 0.108095735605994 0.143607834021 0.17887064862992 -1.78839232760819e-05 -3.46684078669894e-05 -4.20384345939571e-05 -1.99958252275994e-05 6.10740749503235e-05 0.00023907524941921 0.000541609350597303 0.000941785063235495 0.00136885321354166 0.00179783510362214
11 0.000515879186289975 0.0504354544325836 0.0814131509849757 0.0904485769267062 0.0890221673786201 0.0857039320820119 0.0826436432718906 0.0866756118729619 0.115750978559965 0.17887064862992 0.263256692327228 -2.13129646498666e-05 -4.13000430066287e-05 -4.98326119893013e-05 -2.24928363231491e-05 7.78966395330663e-05 0.000301556531950158 0.000687375646417951 0.0012021390685132 0.00175372900874822 0.00230801122461556
12 0.00264294290760906 8.71599119427253e-07 1.71460111130423e-06 2.16989985952479e-06 1.33556230620696e-06 -1.53961970384009e-06 -5.84905465699875e-06 -1.05680076113199e-05 -1.44361808924709e-05 -1.78839232760819e-05 -2.13129646498666e-05 0.0386305427675386 0.053915837343608 0.0548409341736679 0.0525031300028095 0.0514588194102744 0.0514434018585693 0.0516073034807885 0.0517329414395705 0.0518441735518536 0.0519545624504577
13 0.00514872728465602 1.70400762301635e-06 3.35190352940252e-06 4.24034901377544e-06 2.6114412920861e-06 -2.98655682066333e-06 -1.13604749075225e-05 -2.05140955183852e-05 -2.80004866718283e-05 -3.46684078669893e-05 -4.13000430066287e-05 0.053915837343608 0.0855334071743557 0.0878695400491649 0.083237400396167 0.0810886869503363 0.0810319081954097 0.0813591044149731 0.0816149006052281 0.0818422385729565 0.0820678909755206
14 0.0053009299323802 2.2570118618115e-06 4.43765248814356e-06 5.60085361617909e-06 3.47559442023409e-06 -3.68121406021527e-06 -1.41570469739787e-05 -2.53181810070727e-05 -3.41990847482717e-05 -4.20384345939572e-05 -4.98326119893015e-05 0.0548409341736679 0.0878695400491649 0.0973315520476563 0.0916169824348557 0.0879269510171954 0.0875123860948168 0.0879457799154439 0.0883488557444069 0.0887180674821681 0.0890850163765213
15 0.00252044904205571 1.96642570444675e-06 3.85853598838115e-06 4.82104611050183e-06 3.0964760748697e-06 -2.11032258820409e-06 -8.67799304780911e-06 -1.42375150214629e-05 -1.74733684420773e-05 -1.99958252275993e-05 -2.24928363231491e-05 0.0525031300028095 0.083237400396167 0.0916169824348557 0.0918076207466501 0.086959546810282 0.0853231172128824 0.0854461076179786 0.0858460236658456 0.086253310194453 0.0866598224675313
16 0.00122711734614341 2.6680298602492e-07 4.97614355404933e-07 4.49840121977843e-07 5.86447021882767e-07 3.30207082541293e-06 1.15709013211754e-05 2.67673043129008e-05 4.41969762691838e-05 6.10740749503237e-05 7.78966395330663e-05 0.0514588194102744 0.0810886869503363 0.0879269510171954 0.086959546810282 0.0876191124594373 0.084839631751627 0.0835929267977796 0.0831783842485358 0.0829060859030162 0.0826400052382314
17 0.00119939961426268 -2.54201490606961e-06 -5.06766954755981e-06 -6.88991328240006e-06 -3.71754227601434e-06 1.32240613906553e-05 5.06663506528505e-05 0.000110850541619291 0.000176344681987593 0.00023907524941921 0.000301556531950158 0.0514434018585693 0.0810319081954097 0.0875123860948168 0.0853231172128824 0.084839631751627 0.0877137044723622 0.0854628037304177 0.0832502108148422 0.0812111246752951 0.0791842274977272
18 0.00140637808731591 -5.69826995064234e-06 -1.13475802812815e-05 -1.5388455992597e-05 -8.81773542539048e-06 2.68125714516005e-05 0.000107839470504063 0.000243341076827527 0.000395219423757332 0.000541609350597303 0.000687375646417951 0.0516073034807885 0.0813591044149731 0.0879457799154439 0.0854461076179786 0.0835929267977796 0.0854628037304177 0.0905398578017677 0.0899306471168426 0.088628494421066 0.0873036750757702
19 0.00157117404361252 -8.93748407882611e-06 -1.78121585063135e-05 -2.43185002766097e-05 -1.44099396432669e-05 4.21389365853153e-05 0.000176396331993573 0.000410509494430833 0.00068026861852768 0.000941785063235495 0.0012021390685132 0.0517329414395705 0.0816149006052281 0.0883488557444069 0.0858460236658456 0.0831783842485358 0.0832502108148422 0.0899306471168426 0.104551564380836 0.116107948875987 0.127517631325036
20 0.00171849701279532 -1.20622860880131e-05 -2.40563061818425e-05 -3.30286876857775e-05 -2.00463062348203e-05 5.71618734287367e-05 0.00024614375293805 0.00058488854431549 0.000982219275445049 0.00136885321354166 0.00175372900874822 0.0518441735518536 0.0818422385729565 0.0887180674821681 0.086253310194453 0.0829060859030162 0.0812111246752951 0.088628494421066 0.116107948875987 0.161879993775164 0.207310251267164
21 0.00186476792550749 -1.51755629768685e-05 -3.02780573203423e-05 -4.17147735020462e-05 -2.56854537699626e-05 7.21313205891424e-05 0.000315890396728389 0.000759663356380317 0.00128530138723105 0.00179783510362214 0.00230801122461556 0.0519545624504577 0.0820678909755206 0.0890850163765213 0.0866598224675313 0.0826400052382314 0.0791842274977272 0.0873036750757702 0.127517631325036 0.207310251267164 0.311069745652475
